date	Infected	Is.Cum	Is	Iv	Iv.cum	Recovered	Rec.cum	Dead	Dead.cum	Vaksin	Vak.cum
28/01/2021	13695	9225	9225	4470	4470	10138	10138	476	476	5402	5402
29/01/2021	13802	23027	9297	4505	8975	10242	20380	187	663	5819	11221
30/01/2021	14518	37545	9779	4739	13714	10719	31099	210	873	9523	20744
31/01/2021	12001	49546	8084	3917	17631	10461	41560	270	1143	1738	22482
01/02/2021	10994	60540	7406	3588	21219	12848	54408	279	1422	12858	35340
02/02/2021	10379	70919	6991	3388	24607	9135	63543	304	1726	16593	51933
03/02/2021	11984	82903	8072	3912	28519	11641	75184	189	1915	19622	71555
04/02/2021	11434	94337	7702	3732	32251	9674	84858	231	2146	24932	96487
05/02/2021	11749	106086	7914	3835	36086	12204	97062	201	2347	24172	120659
06/02/2021	12156	118242	8188	3968	40054	10806	107868	191	2538	16482	137141
07/02/2021	10827	129069	7293	3534	43588	13038	120906	163	2701	1924	139065
08/02/2021	8242	137311	5552	2690	46278	10424	131330	207	2908	32139	171204
09/02/2021	8700	146011	5860	2840	49118	9520	140850	213	3121	50183	221387
10/02/2021	8776	154787	5912	2864	51982	10145	150995	191	3312	57798	279185
11/02/2021	8435	163222	5682	2753	54735	11000	161995	214	3526	66354	345539
12/02/2021	9869	173091	6648	3221	57956	11919	173914	275	3801	34941	380480
13/02/2021	8844	181935	5957	2887	60843	9237	183151	280	4081	34940	415420
14/02/2021	6765	188700	4557	2208	63051	6792	189943	247	4328	10092	425512
15/02/2021	6462	195162	4353	2109	65160	7609	197552	184	4512	57047	482559
16/02/2021	10029	205191	6756	3273	68433	8002	205554	229	4741	54522	537081
17/02/2021	9687	214878	6525	3162	71595	10546	216100	192	4933	60181	597262
18/02/2021	9039	223917	6089	2950	74545	10783	226883	181	5114	26504	623766
19/02/2021	10614	234531	7150	3464	78009	9835	236718	183	5297	45082	668848
20/02/2021	8054	242585	5425	2629	80638	8236	244954	164	5461	63720	732568
21/02/2021	7300	249885	4917	2383	83021	9918	254872	173	5634	4076	736644
22/02/2021	10180	260065	6857	3323	86344	7996	262868	202	5836	28195	764839
23/02/2021	9775	269840	6584	3191	89535	7735	270603	323	6159	25061	789900
24/02/2021	7533	277373	5074	2459	91994	8686	279289	240	6399	35684	825584
25/02/2021	8493	285866	5721	2772	94766	7261	286550	264	6663	28095	853679
26/02/2021	8232	294098	5545	2687	97453	7382	293932	268	6931	12125	865804
27/02/2021	6208	300306	4182	2026	99479	6649	300581	195	7126	116500	982304
28/02/2021	5560	305866	3745	1815	101294	9212	309793	185	7311	16069	998373
01/03/2021	6680	312546	4500	2180	103474	8948	318741	159	7470	3779	1002152
02/03/2021	5712	318258	3848	1864	105338	9053	327794	193	7663	45070	1047222
03/03/2021	6808	325066	4586	2222	107560	6440	334234	203	7866	29121	1076343
04/03/2021	7264	332330	4893	2371	109931	6331	340565	176	8042	23819	1100162
05/03/2021	6971	339301	4696	2275	112206	6823	347388	129	8171	14309	1114471
06/03/2021	5767	345068	3885	1882	114088	5146	352534	128	8299	15987	1130458
07/03/2021	5826	350894	3924	1902	115990	8725	361259	112	8411	3263	1133721
08/03/2021	6894	357788	4644	2250	118240	7496	368755	281	8692	24645	1158366
09/03/2021	6389	364177	4304	2085	120325	5556	374311	210	8902	39340	1197706
10/03/2021	5633	369810	3794	1839	122164	8170	382481	175	9077	65106	1262812
11/03/2021	5144	374954	3465	1679	123843	6851	389332	117	9194	32737	1295549
12/03/2021	6412	381366	4319	2093	125936	6016	395348	180	9374	43747	1339296
13/03/2021	4607	385973	3103	1504	127440	5647	400995	100	9474	115474	1454770
14/03/2021	4714	390687	3175	1539	128979	6830	407825	97	9571	5386	1460156
15/03/2021	5589	396276	3765	1824	130803	7716	415541	147	9718	112564	1572720
16/03/2021	5414	401690	3647	1767	132570	9010	424551	180	9898	143963	1716683
17/03/2021	6825	408515	4597	2228	134798	6285	430836	162	10060	159391	1876074
18/03/2021	6570	415085	4426	2144	136942	6007	436843	227	10287	72391	1948465
19/03/2021	6279	421364	4230	2049	138991	5760	442603	197	10484	119869	2068334
20/03/2021	5656	427020	3810	1846	140837	6065	448668	108	10592	152800	2221134
21/03/2021	4396	431416	2961	1435	142272	7177	455845	103	10695	80778	2301912
22/03/2021	5744	437160	3869	1875	144147	6954	462799	161	10856	10623	2312535
23/03/2021	5297	442457	3568	1729	145876	7622	470421	154	11010	181821	2494356
24/03/2021	5227	447684	3521	1706	147582	4656	475077	118	11128	215123	2709479
25/03/2021	6107	453791	4114	1993	149575	5679	480756	98	11226	231471	2940950
26/03/2021	4982	458773	3356	1626	151201	4243	484999	85	11311	207595	3148545
27/03/2021	4461	463234	3005	1456	152657	4279	489278	198	11509	85199	3233744
28/03/2021	4083	467317	2750	1333	153990	5418	494696	85	11594	12645	3246389
29/03/2021	5008	472325	3373	1635	155625	5877	500573	132	11726	67039	3313428
30/03/2021	4682	477007	3154	1528	157153	5635	506208	173	11899	186770	3500198
31/03/2021	5937	482944	3999	1938	159091	7248	513456	104	12003	209333	3709531
01/04/2021	6142	489086	4137	2005	161096	5439	518895	196	12199	141194	3850725
02/04/2021	5325	494411	3587	1738	162834	5197	524092	97	12296	16775	3867500
03/04/2021	4345	498756	2927	1418	164252	9663	533755	91	12387	84303	3951803
04/04/2021	6731	505487	4534	2197	166449	5800	539555	427	12814	62532	4014335
05/04/2021	3712	509199	2500	1212	167661	4296	543851	146	12960	193925	4208260
06/04/2021	4549	513748	3064	1485	169146	5769	549620	162	13122	170025	4378285
07/04/2021	4860	518608	3274	1586	170732	7640	557260	87	13209	169229	4547514
08/04/2021	5504	524112	3707	1797	172529	6277	563537	163	13372	117611	4665125
09/04/2021	5265	529377	3547	1718	174247	3629	567166	121	13493	278040	4943165
10/04/2021	4723	534100	3181	1542	175789	5219	572385	95	13588	107293	5050458
11/04/2021	4127	538227	2780	1347	177136	5289	577674	87	13675	49466	5099924
12/04/2021	4829	543056	3253	1576	178712	6349	584023	126	13801	210749	5310673
13/04/2021	5702	548758	3841	1861	180573	5747	589770	126	13927	121258	5431931
14/04/2021	5656	554414	3810	1846	182419	6362	596132	124	14051	136860	5568791
15/04/2021	6177	560591	4161	2016	184435	5975	602107	167	14218	144547	5713338
16/04/2021	5363	565954	3613	1750	186185	5963	608070	123	14341	106542	5819880
17/04/2021	5041	570995	3396	1645	187830	4873	612943	132	14473	69770	5889650
18/04/2021	4585	575580	3088	1497	189327	6349	619292	96	14569	21205	5910855
19/04/2021	4952	580532	3336	1616	190943	6728	626020	143	14712	139811	6050666
20/04/2021	5549	586081	3738	1811	192754	7314	633334	210	14922	81155	6131821
21/04/2021	5720	591801	3853	1867	194621	5993	639327	230	15152	190116	6321937
22/04/2021	6243	598044	4205	2038	196659	5920	645247	165	15317	166194	6488131
23/04/2021	5436	603480	3662	1774	198433	4953	650200	174	15491	188951	6677082
24/04/2021	4544	608024	3061	1483	199916	3804	654004	154	15645	107446	6784528
25/04/2021	4402	612426	2965	1437	201353	5589	659593	94	15739	37710	6822238
26/04/2021	5944	618370	4004	1940	203293	4884	664477	177	15916	176000	6998238
27/04/2021	4656	623026	3136	1520	204813	4818	669295	168	16084	180464	7178702
28/04/2021	5241	628267	3530	1711	206524	6015	675310	177	16261	195690	7374392
29/04/2021	5833	634100	3929	1904	208428	5202	680512	218	16479	191913	7566305
30/04/2021	5500	639600	3705	1795	210223	4344	684856	187	16666	63488	7629793
01/05/2021	4512	644112	3039	1473	211696	3740	688596	131	16797	37724	7667517
02/05/2021	4394	648506	2960	1434	213130	4773	693369	144	16941	10902	7678419
03/05/2021	4730	653236	3186	1544	214674	5658	699027	153	17094	148711	7827130
04/05/2021	4369	657605	2943	1426	216100	5943	704970	188	17282	153859	7980989
05/05/2021	5285	662890	3560	1725	217825	5440	710410	212	17494	170887	8151876
06/05/2021	5647	668537	3804	1843	219668	5891	716301	147	17641	166002	8317878
07/05/2021	6327	674864	4262	2065	221733	5494	721795	167	17808	138315	8456193
08/05/2021	6130	680994	4129	2001	223734	4360	726155	179	17987	127595	8583788
09/05/2021	3922	684916	2642	1280	225014	6338	732493	170	18157	50692	8634480
10/05/2021	4891	689807	3295	1596	226610	5592	738085	206	18363	120710	8755190
11/05/2021	5021	694828	3382	1639	228249	4671	742756	247	18610	115168	8870358
12/05/2021	4608	699436	3104	1504	229753	4201	746957	152	18762	37841	8908199
13/05/2021	3448	702884	2323	1125	230878	3807	750764	99	18861	11292	8919491
14/05/2021	2633	705517	1774	859	231737	4181	754945	107	18968	1874	8921365
15/05/2021	2385	707902	1607	778	232515	3790	758735	144	19112	32869	8954234
16/05/2021	3080	710982	2075	1005	233520	5754	764489	126	19238	16415	8970649
17/05/2021	4295	715277	2893	1402	234922	5628	770117	212	19450	96267	9066916
18/05/2021	4185	719462	2819	1366	236288	4364	774481	172	19622	180618	9247534
19/05/2021	4871	724333	3281	1590	237878	4969	779450	192	19814	119035	9366569
20/05/2021	5797	730130	3905	1892	239770	4570	784020	218	20032	169467	9536036
21/05/2021	5746	735876	3871	1875	241645	3353	787373	186	20218	175144	9711180
22/05/2021	5296	741172	3567	1729	243374	3550	790923	132	20350	114253	9825433
23/05/2021	5280	746452	3557	1723	245097	5234	796157	123	20473	46165	9871598
24/05/2021	5907	752359	3979	1928	247025	3795	799952	127	20600	25318	9896916
25/05/2021	5060	757419	3408	1652	248677	3189	803141	172	20772	228498	10125414
26/05/2021	5034	762453	3391	1643	250320	3924	807065	144	20916	99353	10224767
27/05/2021	6278	768731	4229	2049	252369	5370	812435	136	21052	135163	10359930
28/05/2021	5862	774593	3949	1913	254282	5417	817852	193	21245	126403	10486333
29/05/2021	6565	781158	4422	2143	256425	4024	821876	162	21407	68397	10554730
30/05/2021	6115	787273	4119	1996	258421	5121	826997	142	21549	29693	10584423
31/05/2021	5662	792935	3814	1848	260269	5360	832357	174	21723	47346	10631769
01/06/2021	4824	797759	3249	1575	261844	6022	838379	145	21868	82465	10714234
02/06/2021	5246	803005	3534	1712	263556	11092	849471	185	22053	138684	10852918
03/06/2021	5353	808358	3606	1747	265303	5950	855421	187	22240	131916	10984834
04/06/2021	6486	814844	4369	2117	267420	4241	859662	201	22441	70654	11055488
05/06/2021	6594	821438	4442	2152	269572	4187	863849	153	22594	65915	11121403
06/06/2021	5832	827270	3928	1904	271476	5594	869443	163	22757	5288	11126691
07/06/2021	6993	834263	4710	2283	273759	5805	875248	191	22948	70312	11197003
08/06/2021	6294	840557	4240	2054	275813	5883	881131	189	23137	158956	11355959
09/06/2021	7725	848282	5204	2521	278334	5661	886792	170	23307	80234	11436193
10/06/2021	8892	857174	5990	2902	281236	6230	893022	211	23518	52658	11488851
11/06/2021	8083	865257	5445	2638	283874	5292	898314	193	23711	36721	11525572
12/06/2021	7465	872722	5028	2437	286311	4655	902969	164	23875	33500	11559072
13/06/2021	9868	882590	6647	3221	289532	6143	909112	149	24024	9305	11568377
14/06/2021	8189	890779	5516	2673	292205	6407	915519	237	24261	47419	11615796
15/06/2021	8161	898940	5497	2664	294869	6229	921748	164	24425	83159	11698955
16/06/2021	9944	908884	6698	3246	298115	7350	929098	196	24621	116597	11815552
17/06/2021	12624	921508	8504	4120	302235	7907	937005	277	24898	147512	11963064
18/06/2021	12990	934498	8750	4240	306475	7016	944021	290	25188	132936	12096000
19/06/2021	12906	947404	8693	4213	310688	6385	950406	248	25436	116840	12212840
20/06/2021	13737	961141	9253	4484	315172	9233	959639	371	25807	26800	12239640
21/06/2021	14536	975677	9791	4745	319917	8375	968014	294	26101	80680	12320320
22/06/2021	13668	989345	9207	4461	324378	7167	975181	335	26436	194531	12514851
23/06/2021	15308	1004653	10311	4997	329375	9201	984382	303	26739	125124	12639975
24/06/2021	20574	1025227	13859	6715	336090	8557	992939	355	27094	129748	12769723
25/06/2021	18872	1044099	12712	6160	342250	7396	1000335	422	27516	142834	12912557
26/06/2021	21095	1065194	14210	6885	349135	8024	1008359	358	27874	105901	13018458
27/06/2021	21342	1086536	14376	6966	356101	9480	1017839	409	28283	90507	13108965
28/06/2021	20694	1107230	13939	6755	362856	9645	1027484	423	28706	73003	13181968
29/06/2021	20467	1127697	13787	6680	369536	10807	1038291	463	29169	147704	13329672
30/06/2021	21807	1149504	14689	7118	376654	9874	1048165	467	29636	135761	13465433
01/07/2021	24836	1174340	16730	8106	384760	11578	1059743	504	30140	158658	13624091
02/07/2021	25830	1200170	17399	8431	393191	13282	1073025	539	30679	145950	13770041
03/07/2021	27913	1228083	18802	9111	402302	13127	1086152	493	31172	152625	13922666
04/07/2021	27233	1255316	18344	8889	411191	14416	1100568	555	31727	56832	13979498
05/07/2021	29745	1285061	20036	9709	420900	15863	1116431	558	32285	56370	14035868
06/07/2021	31189	1316250	21009	10180	431080	14835	1131266	728	33013	232046	14267914
07/07/2021	34379	1350629	23158	11221	442301	21185	1152451	1040	34053	175833	14443747
08/07/2021	38391	1389020	25860	12531	454832	28975	1181426	852	34905	178689	14622436
09/07/2021	38124	1427144	25680	12444	467276	28561	1209987	871	35776	246075	14868511
10/07/2021	35094	1462238	23639	11455	478731	32615	1242602	826	36602	100753	14969264
11/07/2021	36197	1498435	24382	11815	490546	34754	1277356	1007	37609	42018	15011282
12/07/2021	40427	1538862	27232	13195	503741	20123	1297479	891	38500	25120	15036402
13/07/2021	47899	1586761	32265	15634	519375	17762	1315241	864	39364	154530	15190932
14/07/2021	54517	1641278	36723	17794	537169	19049	1334290	991	40355	420556	15611488
15/07/2021	56757	1698035	38232	18525	555694	28079	1362369	982	41337	198545	15810033
16/07/2021	54000	1752035	36374	17626	573320	27903	1390272	1205	42542	130630	15940663
17/07/2021	51952	1803987	34995	16957	590277	29264	1419536	1092	43634	277126	16217789
18/07/2021	44721	1848708	30124	14597	604874	32217	1451753	1093	44727	56295	16274084
19/07/2021	34257	1882965	23076	11181	616055	29791	1481544	1338	46065	126201	16400285
20/07/2021	38325	1921290	25816	12509	628564	32887	1514431	1280	47345	50937	16451222
21/07/2021	33772	1955062	22749	11023	639587	36370	1550801	1383	48728	155387	16606609
22/07/2021	49509	2004571	33349	16160	655747	38988	1589789	1449	50177	289525	16896134
23/07/2021	49071	2053642	33054	16017	671764	39767	1629556	1566	51743	257945	17154079
24/07/2021	45416	2099058	30592	14824	686588	37640	1667196	1415	53158	321851	17475930
25/07/2021	38679	2137737	26054	12625	699213	40374	1707570	1266	54424	430508	17906438
26/07/2021	28228	2165965	19014	9214	708427	47128	1754698	1487	55911	223374	18129812
27/07/2021	45203	2211168	30449	14754	723181	43856	1798554	2069	57980	536465	18666277
28/07/2021	47791	2258959	32192	15599	738780	45494	1844048	1824	59804	436819	19103096
29/07/2021	43479	2302438	29287	14192	752972	44550	1888598	1893	61697	566060	19669156
30/07/2021	41168	2343606	27731	13437	766409	39372	1927970	1759	63456	477199	20146355
31/07/2021	37284	2380890	25115	12169	778578	39446	1967416	1808	65264	388402	20534757
01/08/2021	30738	2411628	20705	10033	788611	32807	2000223	1604	66868	138256	20673013
02/08/2021	22404	2434032	15091	7313	795924	31324	2031547	1568	68436	261346	20934359
03/08/2021	33900	2467932	22835	11065	806989	34251	2065798	1598	70034	502483	21436842
04/08/2021	35867	2503799	24160	11707	818696	39726	2105524	1747	71781	528458	21965300
05/08/2021	35764	2539563	24091	11673	830369	48832	2154356	1739	73520	245013	22210313
06/08/2021	39532	2579095	26629	12903	843272	39716	2194072	1635	75155	681445	22891758
07/08/2021	31753	2610848	21389	10364	853636	48508	2242580	1588	76743	453440	23345198
08/08/2021	26415	2637263	17793	8622	862258	44959	2287539	1498	78241	432059	23777257
09/08/2021	20709	2657972	13950	6759	869017	41486	2329025	1475	79716	434701	24211958
10/08/2021	32081	2690053	21610	10471	879488	39931	2368956	2048	81764	685556	24897514
11/08/2021	30625	2720678	20629	9996	889484	36637	2405593	1579	83343	541720	25439234
12/08/2021	24709	2745387	16644	8065	897549	42003	2447596	1466	84809	305550	25744784
13/08/2021	30788	2776175	20739	10049	907598	31880	2479476	1432	86241	1484073	27228857
14/08/2021	28598	2804773	19264	9334	916932	30361	2509837	1270	87511	564633	27793490
15/08/2021	20813	2825586	14020	6793	923725	29925	2539762	1222	88733	318729	28112219
16/08/2021	17384	2842970	11710	5674	929399	32225	2571987	1245	89978	412701	28524920
17/08/2021	20741	2863711	13971	6770	936169	29794	2601781	1180	91158	634063	29158983
18/08/2021	15768	2879479	10621	5147	941316	29012	2630793	1128	92286	244296	29403279
19/08/2021	22053	2901532	14855	7198	948514	26122	2656915	1492	93778	965180	30368459
20/08/2021	20004	2921536	13475	6529	955043	23011	2679926	1348	95126	384612	30753071
21/08/2021	16744	2938280	11279	5465	960508	24276	2704202	1361	96487	457785	31210856
22/08/2021	12408	2950688	8358	4050	964558	24758	2728960	1030	97517	390946	31601802
23/08/2021	9604	2960292	6469	3135	967693	35082	2764042	842	98359	444356	32046158
24/08/2021	19106	2979398	12870	6236	973929	33703	2797745	1038	99397	594774	32640932
25/08/2021	18671	2998069	12577	6094	980023	30099	2827844	1041	100438	453507	33094439
26/08/2021	16899	3014968	11383	5516	985539	19290	2847134	889	101327	262744	33357183
27/08/2021	12618	3027586	8499	4119	989658	18594	2865728	599	101926	763954	34121137
28/08/2021	10050	3037636	6770	3280	992938	16468	2882196	591	102517	581618	34702755
29/08/2021	7427	3045063	5003	2424	995362	19398	2901594	551	103068	155179	34857934
30/08/2021	5436	3050499	3662	1774	997136	16781	2918375	568	103636	456460	35314394
31/08/2021	10534	3061033	7096	3438	1000574	16394	2934769	532	104168	540751	35855145
01/09/2021	10337	3071370	6963	3374	1003948	21208	2955977	653	104821	488009	36343154
02/09/2021	8955	3080325	6032	2923	1006871	15544	2971521	680	105501	516181	36859335
03/09/2021	7797	3088122	5252	2545	1009416	13806	2985327	574	106075	788632	37647967
04/09/2021	6727	3094849	4531	2196	1011612	9741	2995068	539	106614	382619	38030586
05/09/2021	5403	3100252	3639	1764	1013376	13049	3008117	392	107006	192501	38223087
06/09/2021	4413	3104665	2973	1440	1014816	14905	3023022	612	107618	248938	38472025
07/09/2021	7201	3111866	4851	2350	1017166	11616	3034638	683	108301	693889	39165914
08/09/2021	6731	3118597	4534	2197	1019363	10650	3045288	626	108927	555591	39721505
09/09/2021	5990	3124587	4035	1955	1021318	14356	3059644	334	109261	641249	40362754
10/09/2021	5376	3129963	3621	1755	1023073	7586	3067230	315	109576	505173	40867927
11/09/2021	5001	3134964	3369	1632	1024705	9401	3076631	270	109846	666347	41534274
12/09/2021	3779	3138743	2546	1233	1025938	12474	3089105	188	110034	200394	41734668
13/09/2021	2577	3141320	1736	841	1026779	11246	3100351	276	110310	370105	42104773
14/09/2021	4128	3145448	2781	1347	1028126	11046	3111397	250	110560	460492	42565265
15/09/2021	3948	3149396	2659	1289	1029415	14633	3126030	267	110827	397309	42962574
16/09/2021	3145	3152541	2118	1027	1030442	7912	3133942	237	111064	522331	43484905
17/09/2021	3835	3156376	2583	1252	1031694	7076	3141018	219	111283	639744	44124649
18/09/2021	3385	3159761	2280	1105	1032799	6050	3147068	185	111468	591855	44716504
19/09/2021	2234	3161995	1505	729	1033528	6935	3154003	145	111613	417624	45134128
20/09/2021	1932	3163927	1301	631	1034159	6581	3160584	166	111779	90456	45224584
21/09/2021	3263	3167190	2198	1065	1035224	5356	3165940	171	111950	628383	45852967
22/09/2021	2720	3169910	1832	888	1036112	4386	3170326	149	112099	643144	46496111
23/09/2021	2881	3172791	1941	940	1037052	4607	3174933	160	112259	484170	46980281
24/09/2021	2557	3175348	1722	835	1037887	3746	3178679	144	112403	727794	47708075
25/09/2021	2137	3177485	1439	698	1038585	2976	3181655	123	112526	287964	47996039
26/09/2021	1760	3179245	1186	574	1039159	3771	3185426	86	112612	530543	48526582
27/09/2021	1390	3180635	936	454	1039613	3551	3188977	118	112730	388828	48915410
28/09/2021	2057	3182692	1386	671	1040284	3077	3192054	124	112854	740242	49655652
29/09/2021	1954	3184646	1316	638	1040922	2848	3194902	117	112971	757275	50412927
30/09/2021	1690	3186336	1138	552	1041474	2811	3197713	113	113084	700367	51113294
01/10/2021	1624	3187960	1094	530	1042004	2380	3200093	87	113171	637337	51750631
02/10/2021	1414	3189374	952	462	1042466	2020	3202113	89	113260	565869	52316500
03/10/2021	1142	3190516	769	373	1042839	2656	3204769	58	113318	359486	52675986
04/10/2021	922	3191438	621	301	1043140	2558	3207327	88	113406	330871	53006857
05/10/2021	1404	3192842	946	458	1043598	2851	3210178	77	113483	649998	53656855
06/10/2021	1484	3194326	1000	484	1044082	1946	3212124	75	113558	785058	54441913
07/10/2021	1393	3195719	938	455	1044537	3514	3215638	81	113639	517566	54959479
08/10/2021	1384	3197103	932	452	1044989	1507	3217145	66	113705	1146461	56105940
09/10/2021	1167	3198270	786	381	1045370	1584	3218729	52	113757	802658	56908598
10/10/2021	894	3199164	602	292	1045662	2444	3221173	39	113796	500639	57409237
11/10/2021	620	3199784	418	202	1045864	2130	3223303	65	113861	197897	57607134
12/10/2021	1261	3201045	849	412	1046276	2259	3225562	47	113908	798380	58405514
13/10/2021	1233	3202278	831	402	1046678	1715	3227277	48	113956	1005918	59411432
14/10/2021	1053	3203331	709	344	1047022	1408	3228685	37	113993	1010575	60422007
15/10/2021	915	3204246	616	299	1047321	1525	3230210	41	114034	974982	61396989
16/10/2021	997	3205243	672	325	1047646	1086	3231296	44	114078	769861	62166850
17/10/2021	747	3205990	503	244	1047890	1593	3232889	19	114097	565652	62732502
18/10/2021	626	3206616	422	204	1048094	1530	3234419	47	114144	456232	63188734
19/10/2021	903	3207519	608	295	1048389	1207	3235626	50	114194	820098	64008832
20/10/2021	914	3208433	616	298	1048687	1372	3236998	28	114222	613794	64622626
21/10/2021	633	3209066	426	207	1048894	1231	3238229	43	114265	550456	65173082
22/10/2021	760	3209826	512	248	1049142	1066	3239295	33	114298	1143519	66316601
23/10/2021	802	3210628	540	262	1049404	1037	3240332	23	114321	849065	67165666
24/10/2021	623	3211251	420	203	1049607	1236	3241568	29	114350	749708	67915374
25/10/2021	460	3211711	310	150	1049757	1141	3242709	30	114380	348569	68263943
26/10/2021	611	3212322	412	199	1049956	944	3243653	35	114415	866113	69130056
27/10/2021	719	3213041	484	235	1050191	984	3244637	29	114444	983496	70113552
28/10/2021	723	3213764	487	236	1050427	681	3245318	34	114478	986251	71099803
29/10/2021	683	3214447	460	223	1050650	698	3246016	28	114506	961208	72061011
30/10/2021	620	3215067	418	202	1050852	497	3246513	27	114533	1229611	73290622
31/10/2021	523	3215590	352	171	1051023	784	3247297	17	114550	408295	73698917
01/11/2021	403	3215993	271	132	1051155	868	3248165	18	114568	389944	74088861
02/11/2021	612	3216605	412	200	1051355	814	3248979	34	114602	716740	74805601
03/11/2021	801	3217406	540	261	1051616	837	3249816	24	114626	1023523	75829124
04/11/2021	628	3218034	423	205	1051821	648	3250464	19	114645	858560	76687684
05/11/2021	518	3218552	349	169	1051990	622	3251086	19	114664	1000088	77687772
06/11/2021	401	3218953	270	131	1052121	587	3251673	15	114679	426234	78114006
07/11/2021	444	3219397	299	145	1052266	1283	3252956	11	114690	880091	78994097
08/11/2021	244	3219641	164	80	1052346	585	3253541	12	114702	218312	79212409
09/11/2021	434	3220075	292	142	1052488	531	3254072	21	114723	858050	80070459
10/11/2021	480	3220555	323	157	1052645	470	3254542	14	114737	883614	80954073
11/11/2021	435	3220990	293	142	1052787	560	3255102	16	114753	756960	81711033
12/11/2021	399	3221389	269	130	1052917	451	3255553	20	114773	1107393	82818426
13/11/2021	359	3221748	242	117	1053034	503	3256056	16	114789	599594	83418020
14/11/2021	339	3222087	228	111	1053145	706	3256762	15	114804	743673	84161693
15/11/2021	221	3222308	149	72	1053217	515	3257277	11	114815	390687	84552380
16/11/2021	347	3222655	234	113	1053330	458	3257735	15	114830	818238	85370618
17/11/2021	522	3223177	352	170	1053500	464	3258199	13	114843	909032	86279650
18/11/2021	400	3223577	269	131	1053631	516	3258715	11	114854	56207	86335857
19/11/2021	360	3223937	242	118	1053749	379	3259094	5	114859	1624194	87960051
20/11/2021	393	3224330	265	128	1053877	331	3259425	14	114873	800080	88760131
21/11/2021	314	3224644	212	102	1053979	342	3259767	11	114884	460144	89220275
22/11/2021	186	3224830	125	61	1054040	434	3260201	5	114889	206529	89426804
23/11/2021	394	3225224	265	129	1054169	377	3260578	9	114898	800912	90227716
24/11/2021	451	3225675	304	147	1054316	293	3260871	13	114911	987204	91214920
25/11/2021	372	3226047	251	121	1054437	386	3261257	16	114927	1059576	92274496
26/11/2021	453	3226500	305	148	1054585	260	3261517	14	114941	830467	93104963
27/11/2021	404	3226904	272	132	1054717	275	3261792	11	114952	561810	93666773
28/11/2021	264	3227168	178	86	1054803	419	3262211	1	114953	672898	94339671
29/11/2021	176	3227344	119	57	1054860	324	3262535	11	114964	415923	94755594
30/11/2021	297	3227641	200	97	1054957	307	3262842	11	114975	718208	95473802
01/12/2021	278	3227919	187	91	1055048	388	3263230	10	114985	1045478	96519280
02/12/2021	311	3228230	209	102	1055150	328	3263558	10	114995	799303	97318583
03/12/2021	245	3228475	165	80	1055230	314	3263872	8	115003	728185	98046768
04/12/2021	246	3228721	166	80	1055310	298	3264170	5	115008	576784	98623552
05/12/2021	196	3228917	132	64	1055374	2005	3266175	4	115012	385963	99009515
06/12/2021	130	3229047	88	42	1055416	420	3266595	9	115021	215991	99225506
07/12/2021	261	3229308	176	85	1055501	351	3266946	17	115038	599872	99825378
08/12/2021	264	3229572	178	86	1055587	296	3267242	16	115054	633828	100459206
09/12/2021	220	3229792	148	72	1055659	311	3267553	9	115063	690237	101149443
10/12/2021	192	3229984	129	63	1055722	190	3267743	5	115068	645087	101794530
11/12/2021	228	3230212	154	74	1055796	184	3267927	6	115074	650661	102445191
12/12/2021	163	3230375	110	53	1055849	278	3268205	7	115081	464925	102910116
13/12/2021	106	3230481	71	35	1055884	247	3268452	12	115093	188675	103098791
14/12/2021	190	3230671	128	62	1055946	237	3268689	12	115105	539461	103638252
15/12/2021	205	3230876	138	67	1056013	234	3268923	9	115114	883838	104522090
16/12/2021	213	3231089	143	70	1056083	205	3269128	10	115124	715965	105238055
17/12/2021	291	3231380	196	95	1056178	214	3269342	7	115131	782417	106020472
18/12/2021	232	3231612	156	76	1056254	155	3269497	12	115143	615635	106636107
19/12/2021	164	3231776	110	54	1056308	216	3269713	4	115147	415390	107051497
20/12/2021	133	3231909	90	43	1056351	205	3269918	11	115158	128615	107180112
21/12/2021	216	3232125	145	71	1056422	252	3270170	11	115169	525835	107705947
22/12/2021	179	3232304	121	58	1056480	232	3270402	10	115179	834042	108539989
23/12/2021	136	3232440	92	44	1056524	182	3270584	8	115187	717016	109257005
24/12/2021	204	3232644	137	67	1056591	195	3270779	5	115192	698681	109955686
25/12/2021	255	3232899	172	83	1056674	148	3270927	6	115198	451535	110407221
26/12/2021	92	3232991	62	30	1056704	271	3271198	2	115200	213520	110620741
27/12/2021	120	3233111	81	39	1056743	152	3271350	8	115208	192049	110812790
28/12/2021	278	3233389	187	91	1056834	270	3271620	8	115216	752446	111565236
29/12/2021	194	3233583	131	63	1056897	399	3272019	10	115226	712486	112277722
30/12/2021	189	3233772	127	62	1056959	193	3272212	7	115233	726580	113004302
31/12/2021	180	3233952	121	59	1057018	165	3272377	6	115239	661959	113666261
01/01/2022	274	3234226	185	89	1057107	190	3272567	2	115241	364111	114030372
02/01/2022	174	3234400	117	57	1057164	112	3272679	1	115242	72924	114103296
03/01/2022	265	3234665	179	86	1057250	168	3272847	5	115247	92977	114196273
04/01/2022	299	3234964	201	98	1057348	180	3273027	3	115250	369597	114565870
05/01/2022	404	3235368	272	132	1057480	209	3273236	4	115254	256668	114822538
06/01/2022	533	3235901	359	174	1057654	214	3273450	7	115261	731980	115554518
07/01/2022	518	3236419	349	169	1057823	175	3273625	5	115266	560300	116114818
08/01/2022	479	3236898	323	156	1057979	211	3273836	6	115272	455024	116569842
09/01/2022	529	3237427	356	173	1058152	244	3274080	2	115274	250044	116819886
10/01/2022	454	3237881	306	148	1058300	446	3274526	7	115281	179332	116999218
11/01/2022	802	3238683	540	262	1058562	314	3274840	8	115289	334376	117333594
12/01/2022	646	3239329	435	211	1058773	385	3275225	6	115295	613814	117947408
13/01/2022	793	3240122	534	259	1059032	353	3275578	5	115300	541455	118488863
14/01/2022	850	3240972	573	277	1059309	464	3276042	8	115308	463085	118951948
15/01/2022	1054	3242026	710	344	1059653	710	3276752	4	115312	472567	119424515
16/01/2022	855	3242881	576	279	1059932	598	3277350	3	115315	321951	119746466
17/01/2022	772	3243653	520	252	1060184	564	3277914	4	115319	246320	119992786
18/01/2022	1362	3245015	917	445	1060629	504	3278418	9	115328	628236	120621022
19/01/2022	1745	3246760	1175	570	1061199	577	3278995	9	115337	945503	121566525
20/01/2022	2116	3248876	1425	691	1061890	811	3279806	7	115344	811675	122378200
21/01/2022	2604	3251480	1754	850	1062740	627	3280433	2	115346	789007	123167207
22/01/2022	3205	3254685	2159	1046	1063786	712	3281145	5	115351	615113	123782320
23/01/2022	2925	3257610	1970	955	1064741	944	3282089	14	115365	298408	124080728
24/01/2022	2927	3260537	1972	955	1065696	869	3282958	7	115372	253678	124334406
25/01/2022	4878	3265415	3286	1592	1067288	2582	3285540	20	115392	772370	125106776
26/01/2022	7010	3272425	4722	2288	1069576	1643	3287183	7	115399	566671	125673447
27/01/2022	8077	3280502	5441	2636	1072212	2028	3289211	7	115406	739951	126413398
28/01/2022	9905	3290407	6672	3233	1075445	2590	3291801	7	115413	751062	127164460
29/01/2022	11588	3301995	7806	3782	1079227	3241	3295042	17	115430	562947	127727407
30/01/2022	12422	3314417	8367	4055	1083282	3290	3298332	18	115448	278290	128005697
31/01/2022	10185	3324602	6861	3324	1086606	3240	3301572	17	115465	22311	128028008
01/02/2022	16021	3340623	10792	5229	1091835	5110	3306682	28	115493	627615	128655623
02/02/2022	17895	3358518	12054	5841	1097676	5993	3312675	25	115518	81977	128737600
03/02/2022	27197	3385715	18320	8877	1106553	7190	3319865	38	115556	667861	129405461
04/02/2022	32211	3417926	21697	10514	1117067	10471	3330336	42	115598	716993	130122454
05/02/2022	33729	3451655	22720	11009	1128076	10569	3340905	44	115642	661679	130784133
06/02/2022	36057	3487712	24288	11769	1139845	8577	3349482	57	115699	296532	131080665
07/02/2022	26121	3513833	17595	8526	1148371	10708	3360190	82	115781	38694	131119359
08/02/2022	37492	3551325	25255	12237	1160608	14016	3374206	83	115864	970694	132090053
09/02/2022	46843	3598168	31553	15290	1175898	18182	3392388	65	115929	577872	132667925
10/02/2022	40618	3638786	27360	13258	1189156	15767	3408155	74	116003	1035757	133703682
11/02/2022	40489	3679275	27273	13216	1202372	32570	3440725	100	116103	700241	134403923
12/02/2022	55209	3734484	37189	18020	1220392	26916	3467641	107	116210	805244	135209167
13/02/2022	44526	3779010	29993	14533	1234925	13338	3480979	111	116321	557443	135766610
14/02/2022	36501	3815511	24587	11914	1246839	26747	3507726	145	116466	47353	135813963
15/02/2022	57049	3872560	38428	18621	1265460	25386	3533112	134	116600	833899	136647862
16/02/2022	64718	3937278	43594	21124	1286584	39072	3572184	167	116767	837447	137485309
17/02/2022	63956	4001234	43081	20875	1307459	32904	3605088	206	116973	795584	138280893
18/02/2022	59635	4060869	40170	19465	1326924	34699	3639787	216	117189	859508	139140401
19/02/2022	59384	4120253	40001	19383	1346307	32873	3672660	158	117347	805661	139946062
20/02/2022	48484	4168737	32659	15825	1362132	39929	3712589	163	117510	354959	140301021
21/02/2022	34418	4203155	23184	11234	1373366	38474	3751063	176	117686	119384	140420405
22/02/2022	57491	4260646	38726	18765	1392131	39170	3790233	257	117943	621930	141042335
23/02/2022	61488	4322134	41418	20070	1412201	42518	3832751	227	118170	763929	141806264
24/02/2022	57426	4379560	38682	18744	1430945	61361	3894112	317	118487	710916	142517180
25/02/2022	49447	4429007	33307	16140	1447085	41805	3935917	244	118731	763049	143280229
26/02/2022	46643	4475650	31419	15224	1462309	39384	3975301	258	118989	494396	143774625
27/02/2022	34976	4510626	23560	11416	1473725	43992	4019293	229	119218	3932	143778557
28/02/2022	25054	4535680	16876	8178	1481903	39887	4059180	262	119480	680133	144458690
